# List all values for mass,1 given a total mass

# data format:
# total mass
# [object mass]

2.5
1.25 1.23561 1.22122 1.20684 1.19248 1.17812 1.16379 1.14948 1.1352 1.12094 1.10672 1.09254 1.0784 1.0643 1.05025 1.03625 1.02231 1.00843 0.9946 0.98085 0.96716 0.95354 0.94 0.92653 0.91314 0.89984 0.88662 0.87349 0.86045 0.8475 0.83465 0.8219 0.80925 0.7967 0.78425 0.77191 0.75968 0.74756 0.73555 0.72365 0.71187 0.7002 0.68865 0.67723 0.66592 0.65473 0.64366 0.63272 0.6219 0.6112 0.60063 0.59019 0.57987 0.56968 0.55961 0.54968 0.53987 0.53018 0.52063 0.5112 0.5019 0.49273 0.48368 0.47476 0.46597 0.4573 0.44876 0.44035 0.43205 0.42389 0.41584 0.40792 0.40012 0.39245 0.38489 0.37745 0.37013 0.36293 0.35584 0.34887 0.34202 0.33528 0.32865 0.32213 0.31572 0.30943 0.30324 0.29716 0.29118 0.28531 0.27954 0.27387 0.26831 0.26284 0.25748 0.25221 0.24703 0.24195 0.23697 0.23208 0.22727 

3.96223
1.98112 1.95831 1.93551 1.91272 1.88995 1.8672 1.84448 1.8218 1.79916 1.77657 1.75403 1.73156 1.70914 1.6868 1.66454 1.64235 1.62025 1.59825 1.57634 1.55454 1.53284 1.51126 1.48979 1.46845 1.44723 1.42615 1.4052 1.38439 1.36372 1.3432 1.32283 1.30262 1.28257 1.26268 1.24295 1.22339 1.20401 1.1848 1.16576 1.14691 1.12823 1.10975 1.09144 1.07333 1.05541 1.03767 1.02013 1.00279 0.98564 0.96869 0.95194 0.93539 0.91903 0.90288 0.88693 0.87118 0.85563 0.84028 0.82514 0.8102 0.79546 0.78092 0.76658 0.75245 0.73851 0.72478 0.71124 0.6979 0.68476 0.67182 0.65907 0.64651 0.63415 0.62198 0.61001 0.59822 0.58662 0.5752 0.56397 0.55293 0.54206 0.53138 0.52087 0.51054 0.50039 0.49041 0.4806 0.47096 0.46149 0.45218 0.44304 0.43406 0.42524 0.41658 0.40807 0.39972 0.39152 0.38347 0.37557 0.36781 0.3602 

6.27972
3.13986 3.10371 3.06757 3.03145 2.99536 2.95931 2.92331 2.88736 2.85148 2.81568 2.77996 2.74433 2.70881 2.6734 2.63811 2.60295 2.56793 2.53305 2.49833 2.46378 2.42939 2.39518 2.36116 2.32733 2.29371 2.26029 2.22709 2.1941 2.16135 2.12883 2.09655 2.06452 2.03273 2.00121 1.96995 1.93895 1.90823 1.87778 1.84761 1.81773 1.78813 1.75883 1.72982 1.70111 1.6727 1.6446 1.6168 1.58931 1.56214 1.53527 1.50872 1.48249 1.45657 1.43097 1.40569 1.38072 1.35608 1.33176 1.30776 1.28408 1.26072 1.23767 1.21495 1.19255 1.17046 1.14869 1.12724 1.1061 1.08527 1.06476 1.04455 1.02466 1.00506 0.98578 0.96679 0.94811 0.92972 0.91163 0.89383 0.87633 0.85911 0.84218 0.82553 0.80916 0.79306 0.77724 0.7617 0.74642 0.73141 0.71666 0.70217 0.68794 0.67396 0.66023 0.64675 0.63351 0.62052 0.60776 0.59524 0.58295 0.57088 

9.95268
4.97634 4.91905 4.86178 4.80453 4.74733 4.69019 4.63313 4.57616 4.51929 4.46255 4.40594 4.34947 4.29317 4.23705 4.18112 4.1254 4.06989 4.01462 3.95959 3.90482 3.85033 3.79611 3.74219 3.68858 3.63528 3.58232 3.52969 3.47742 3.42551 3.37397 3.32281 3.27204 3.22167 3.1717 3.12215 3.07303 3.02433 2.97608 2.92826 2.8809 2.834 2.78756 2.74158 2.69608 2.65106 2.60652 2.56246 2.51889 2.47582 2.43324 2.39116 2.34958 2.3085 2.26793 2.22786 2.1883 2.14924 2.1107 2.07266 2.03512 1.9981 1.96158 1.92557 1.89006 1.85506 1.82056 1.78655 1.75305 1.72004 1.68753 1.6555 1.62397 1.59292 1.56235 1.53226 1.50265 1.47351 1.44484 1.41663 1.38888 1.3616 1.33476 1.30837 1.28242 1.25692 1.23185 1.20721 1.183 1.15921 1.13583 1.11287 1.09031 1.06815 1.0464 1.02503 1.00405 0.98346 0.96324 0.94339 0.92391 0.90479 

15.77393
7.88697 7.79617 7.70539 7.61467 7.52402 7.43346 7.34302 7.25272 7.1626 7.07266 6.98294 6.89345 6.80422 6.71528 6.62663 6.53832 6.45035 6.36274 6.27553 6.18873 6.10235 6.01643 5.93097 5.846 5.76153 5.67759 5.59419 5.51134 5.42906 5.34738 5.26629 5.18583 5.106 5.02681 4.94828 4.87042 4.79324 4.71676 4.64099 4.56592 4.49158 4.41798 4.34512 4.273 4.20164 4.13105 4.06123 3.99218 3.92391 3.85643 3.78974 3.72384 3.65873 3.59443 3.53092 3.46822 3.40632 3.34523 3.28494 3.22546 3.16678 3.1089 3.05182 2.99555 2.94007 2.88539 2.8315 2.7784 2.72608 2.67455 2.6238 2.57382 2.52461 2.47616 2.42847 2.38154 2.33536 2.28991 2.24521 2.20123 2.15798 2.11545 2.07363 2.03251 1.99208 1.95235 1.9133 1.87492 1.83722 1.80017 1.76377 1.72802 1.69291 1.65843 1.62456 1.59132 1.55867 1.52663 1.49517 1.4643 1.43399 

25.0
12.5 12.35609 12.21223 12.06844 11.92476 11.78124 11.6379 11.49479 11.35195 11.20941 11.06721 10.92538 10.78397 10.64299 10.50251 10.36253 10.22311 10.08427 9.94605 9.80847 9.67158 9.5354 9.39996 9.26529 9.13142 8.99838 8.86619 8.73488 8.60449 8.47502 8.34651 8.21899 8.09246 7.96695 7.84249 7.7191 7.59678 7.47557 7.35547 7.2365 7.11868 7.00202 6.88654 6.77225 6.65916 6.54727 6.43661 6.32718 6.21898 6.11203 6.00633 5.90188 5.7987 5.69678 5.59614 5.49676 5.39866 5.30183 5.20628 5.112 5.019 4.92727 4.83681 4.74762 4.65969 4.57303 4.48762 4.40346 4.32055 4.23888 4.15844 4.07923 4.00123 3.92445 3.84887 3.77449 3.70129 3.62927 3.55842 3.48872 3.42017 3.35276 3.28648 3.22131 3.15724 3.09427 3.03238 2.97156 2.91179 2.85308 2.79539 2.73873 2.68308 2.62843 2.57476 2.52207 2.47033 2.41954 2.36968 2.32075 2.27273 

39.62233
19.81116 19.58309 19.35508 19.12718 18.89947 18.672 18.44483 18.21802 17.99163 17.76572 17.54034 17.31556 17.09143 16.86801 16.64535 16.42351 16.20254 15.98249 15.76342 15.54538 15.32842 15.11259 14.89793 14.68449 14.47232 14.26146 14.05196 13.84386 13.63719 13.43201 13.22833 13.02621 12.82568 12.62677 12.42951 12.23394 12.04009 11.84797 11.65763 11.46908 11.28235 11.09746 10.91444 10.73329 10.55405 10.37673 10.20134 10.0279 9.85642 9.68691 9.51939 9.35385 9.19032 9.02879 8.86928 8.71178 8.5563 8.40284 8.2514 8.10198 7.95458 7.8092 7.66583 7.52447 7.38512 7.24776 7.1124 6.97902 6.84761 6.71817 6.59068 6.46514 6.34153 6.21984 6.10005 5.98216 5.86615 5.75201 5.63971 5.52925 5.42061 5.31377 5.20871 5.10542 5.00389 4.90408 4.80599 4.7096 4.61488 4.52182 4.4304 4.3406 4.2524 4.16578 4.08072 3.9972 3.91521 3.83471 3.7557 3.67814 3.60203 

62.79716
31.39858 31.03711 30.67573 30.31454 29.95364 29.59313 29.23309 28.87362 28.51481 28.15677 27.79957 27.44332 27.0881 26.73399 26.3811 26.02951 25.67929 25.33054 24.98334 24.63777 24.29391 23.95183 23.61162 23.27335 22.93708 22.6029 22.27086 21.94104 21.6135 21.28829 20.9655 20.64516 20.32734 20.01208 19.69945 19.38949 19.08225 18.77777 18.4761 18.17727 17.88132 17.58829 17.29822 17.01113 16.72705 16.44601 16.16804 15.89315 15.62137 15.35272 15.08721 14.82486 14.56568 14.30967 14.05686 13.80724 13.56082 13.3176 13.07758 12.84077 12.60716 12.37674 12.14952 11.92548 11.70462 11.48693 11.27239 11.061 10.85273 10.64758 10.44552 10.24655 10.05064 9.85777 9.66793 9.48109 9.29722 9.11632 8.93834 8.76327 8.59108 8.42175 8.25525 8.09155 7.93063 7.77245 7.61698 7.46421 7.31409 7.1666 7.02171 6.87939 6.7396 6.60232 6.46751 6.33514 6.20519 6.07761 5.95238 5.82946 5.70883 

99.52679
49.7634 49.1905 48.61775 48.04531 47.47333 46.90194 46.33132 45.7616 45.19293 44.62547 44.05935 43.49473 42.93174 42.37053 41.81123 41.25399 40.69893 40.1462 39.59593 39.04824 38.50325 37.9611 37.4219 36.88577 36.35282 35.82318 35.29693 34.7742 34.25508 33.73967 33.22807 32.72037 32.21666 31.71702 31.22153 30.73028 30.24333 29.76076 29.28264 28.80902 28.33998 27.87556 27.41583 26.96082 26.51058 26.06517 25.62461 25.18895 24.75821 24.33242 23.91162 23.49582 23.08504 22.6793 22.27862 21.883 21.49244 21.10697 20.72657 20.35125 19.981 19.61582 19.2557 18.90062 18.55058 18.20556 17.86554 17.5305 17.20042 16.87527 16.55504 16.23969 15.92919 15.62352 15.32264 15.02651 14.73511 14.44839 14.16631 13.88885 13.61595 13.34758 13.08369 12.82425 12.5692 12.3185 12.07211 11.82998 11.59206 11.3583 11.12866 10.9031 10.68155 10.46397 10.25031 10.04052 9.83456 9.63236 9.43389 9.23908 9.04789 

157.73934
78.86967 77.96169 77.05395 76.14669 75.24015 74.33457 73.43019 72.52725 71.62597 70.7266 69.82937 68.9345 68.04222 67.15276 66.26633 65.38316 64.50346 63.62745 62.75532 61.88728 61.02354 60.16429 59.30971 58.46 57.61534 56.77591 55.94187 55.11339 54.29064 53.47378 52.66295 51.85829 51.05996 50.26808 49.48279 48.7042 47.93245 47.16763 46.40985 45.65923 44.91584 44.17979 43.45115 42.73001 42.01644 41.31051 40.61227 39.92179 39.23911 38.56429 37.89736 37.23836 36.58732 35.94427 35.30923 34.68221 34.06323 33.45229 32.8494 32.25456 31.66775 31.08898 30.51822 29.95546 29.40069 28.85386 28.31497 27.78397 27.26082 26.74551 26.23797 25.73818 25.24607 24.76161 24.28474 23.81542 23.35357 22.89915 22.45209 22.01234 21.57983 21.15449 20.73626 20.32506 19.92083 19.52351 19.133 18.74925 18.37217 18.0017 17.63775 17.28024 16.92911 16.58427 16.24565 15.91316 15.58672 15.26626 14.9517 14.64295 14.33994 

250.0
125.0 123.56095 122.12228 120.68437 119.2476 117.81236 116.37901 114.94794 113.51952 112.09411 110.67209 109.25382 107.83965 106.42995 105.02506 103.62533 102.2311 100.84271 99.46048 98.08473 96.71579 95.35397 93.99956 92.65286 91.31417 89.98375 88.66189 87.34884 86.04487 84.75023 83.46514 82.18985 80.92458 79.66954 78.42494 77.19096 75.96781 74.75565 73.55466 72.365 71.18681 70.02025 68.86544 67.72251 66.59157 65.47274 64.36611 63.27177 62.1898 61.12028 60.06327 59.01883 57.987 56.96783 55.96136 54.9676 53.98658 53.01831 52.06279 51.12002 50.19 49.27271 48.36812 47.47621 46.59695 45.73029 44.8762 44.03462 43.2055 42.38877 41.58438 40.79226 40.01233 39.24451 38.48872 37.74489 37.01291 36.29271 35.58417 34.88721 34.20172 33.5276 32.86475 32.21305 31.57239 30.94267 30.32376 29.71555 29.11793 28.53076 27.95394 27.38734 26.83083 26.2843 25.74762 25.22066 24.70329 24.1954 23.69685 23.20752 22.72727 
