# List all values for mass,2 given a total mass

# data format:
# total mass
# [object mass]

2.5
1.25 1.26439 1.27878 1.29316 1.30752 1.32188 1.33621 1.35052 1.3648 1.37906 1.39328 1.40746 1.4216 1.4357 1.44975 1.46375 1.47769 1.49157 1.5054 1.51915 1.53284 1.54646 1.56 1.57347 1.58686 1.60016 1.61338 1.62651 1.63955 1.6525 1.66535 1.6781 1.69075 1.7033 1.71575 1.72809 1.74032 1.75244 1.76445 1.77635 1.78813 1.7998 1.81135 1.82277 1.83408 1.84527 1.85634 1.86728 1.8781 1.8888 1.89937 1.90981 1.92013 1.93032 1.94039 1.95032 1.96013 1.96982 1.97937 1.9888 1.9981 2.00727 2.01632 2.02524 2.03403 2.0427 2.05124 2.05965 2.06795 2.07611 2.08416 2.09208 2.09988 2.10755 2.11511 2.12255 2.12987 2.13707 2.14416 2.15113 2.15798 2.16472 2.17135 2.17787 2.18428 2.19057 2.19676 2.20284 2.20882 2.21469 2.22046 2.22613 2.23169 2.23716 2.24252 2.24779 2.25297 2.25805 2.26303 2.26792 2.27273 

3.96223
1.98112 2.00392 2.02673 2.04951 2.07229 2.09503 2.11775 2.14043 2.16307 2.18566 2.2082 2.23068 2.25309 2.27543 2.2977 2.31988 2.34198 2.36398 2.38589 2.40769 2.42939 2.45097 2.47244 2.49378 2.515 2.53609 2.55704 2.57785 2.59851 2.61903 2.6394 2.65961 2.67966 2.69956 2.71928 2.73884 2.75822 2.77744 2.79647 2.81533 2.834 2.85249 2.87079 2.8889 2.90683 2.92456 2.9421 2.95944 2.97659 2.99354 3.01029 3.02685 3.0432 3.05935 3.07531 3.09106 3.1066 3.12195 3.13709 3.15204 3.16678 3.18131 3.19565 3.20979 3.22372 3.23746 3.25099 3.26433 3.27747 3.29042 3.30316 3.31572 3.32808 3.34025 3.35223 3.36402 3.37562 3.38703 3.39826 3.40931 3.42017 3.43086 3.44136 3.45169 3.46184 3.47182 3.48163 3.49127 3.50074 3.51005 3.51919 3.52817 3.53699 3.54565 3.55416 3.56251 3.57071 3.57876 3.58666 3.59442 3.60203 

6.27972
3.13986 3.17601 3.21214 3.24826 3.28435 3.3204 3.35641 3.39235 3.42823 3.46404 3.49976 3.53538 3.57091 3.60632 3.64161 3.67677 3.71179 3.74666 3.78138 3.81594 3.85033 3.88453 3.91855 3.95238 3.98601 4.01943 4.05263 4.08561 4.11837 4.15089 4.18317 4.2152 4.24698 4.27851 4.30977 4.34077 4.37149 4.40194 4.43211 4.46199 4.49158 4.52089 4.54989 4.5786 4.60701 4.63512 4.66291 4.6904 4.71758 4.74444 4.77099 4.79723 4.82315 4.84875 4.87403 4.89899 4.92363 4.94796 4.97196 4.99564 5.019 5.04204 5.06476 5.08717 5.10925 5.13102 5.15248 5.17362 5.19444 5.21496 5.23516 5.25506 5.27465 5.29394 5.31292 5.33161 5.34999 5.36808 5.38588 5.40339 5.42061 5.43754 5.45419 5.47056 5.48665 5.50247 5.51802 5.5333 5.54831 5.56306 5.57754 5.59178 5.60576 5.61948 5.63297 5.6462 5.6592 5.67196 5.68448 5.69677 5.70883 

9.95268
4.97634 5.03363 5.0909 5.14815 5.20535 5.26248 5.31955 5.37652 5.43339 5.49013 5.54674 5.60321 5.65951 5.71563 5.77156 5.82728 5.88279 5.93806 5.99309 6.04786 6.10235 6.15657 6.21049 6.2641 6.3174 6.37036 6.42299 6.47526 6.52717 6.57871 6.62987 6.68064 6.73101 6.78098 6.83053 6.87965 6.92835 6.9766 7.02442 7.07178 7.11868 7.16512 7.2111 7.2566 7.30162 7.34616 7.39022 7.43378 7.47686 7.51944 7.56152 7.6031 7.64418 7.68475 7.72482 7.76438 7.80343 7.84198 7.88002 7.91755 7.95458 7.9911 8.02711 8.06262 8.09762 8.13212 8.16613 8.19963 8.23264 8.26515 8.29718 8.32871 8.35976 8.39033 8.42042 8.45003 8.47917 8.50784 8.53605 8.56379 8.59108 8.61792 8.64431 8.67025 8.69576 8.72083 8.74547 8.76968 8.79347 8.81685 8.83981 8.86237 8.88452 8.90628 8.92765 8.94863 8.96922 8.98944 9.00929 9.02877 9.04789 

15.77393
7.88697 7.97776 8.06854 8.15926 8.24992 8.34048 8.43091 8.52121 8.61134 8.70127 8.791 8.88048 8.96971 9.05866 9.1473 9.23562 9.32359 9.41119 9.4984 9.58521 9.67158 9.7575 9.84296 9.92793 10.0124 10.09634 10.17975 10.26259 10.34487 10.42656 10.50764 10.5881 10.66794 10.74713 10.82565 10.90351 10.98069 11.05717 11.13295 11.20801 11.28235 11.35595 11.42882 11.50093 11.57229 11.64288 11.71271 11.78175 11.85002 11.9175 11.9842 12.0501 12.1152 12.17951 12.24301 12.30571 12.36761 12.4287 12.48899 12.54848 12.60716 12.66504 12.72211 12.77839 12.83386 12.88855 12.94244 12.99554 13.04785 13.09938 13.15014 13.20012 13.24933 13.29777 13.34546 13.39239 13.43858 13.48402 13.52872 13.5727 13.61595 13.65848 13.70031 13.74143 13.78185 13.82158 13.86063 13.89901 13.93672 13.97376 14.01016 14.04591 14.08102 14.11551 14.14937 14.18262 14.21526 14.24731 14.27876 14.30964 14.33994 

25.0
12.5 12.64391 12.78777 12.93156 13.07524 13.21876 13.3621 13.50521 13.64805 13.79059 13.93279 14.07462 14.21603 14.35701 14.49749 14.63747 14.77689 14.91573 15.05395 15.19153 15.32842 15.4646 15.60004 15.73471 15.86858 16.00162 16.13381 16.26512 16.39551 16.52498 16.65349 16.78101 16.90754 17.03305 17.15751 17.2809 17.40322 17.52443 17.64453 17.7635 17.88132 17.99798 18.11346 18.22775 18.34084 18.45273 18.56339 18.67282 18.78102 18.88797 18.99367 19.09812 19.2013 19.30322 19.40386 19.50324 19.60134 19.69817 19.79372 19.888 19.981 20.07273 20.16319 20.25238 20.34031 20.42697 20.51238 20.59654 20.67945 20.76112 20.84156 20.92077 20.99877 21.07555 21.15113 21.22551 21.29871 21.37073 21.44158 21.51128 21.57983 21.64724 21.71352 21.77869 21.84276 21.90573 21.96762 22.02844 22.08821 22.14692 22.20461 22.26127 22.31692 22.37157 22.42524 22.47793 22.52967 22.58046 22.63032 22.67925 22.72727 

39.62233
19.81116 20.03924 20.26725 20.49515 20.72286 20.95033 21.1775 21.40431 21.6307 21.85661 22.08199 22.30677 22.5309 22.75432 22.97698 23.19882 23.41979 23.63984 23.85891 24.07695 24.29391 24.50974 24.7244 24.93784 25.15001 25.36087 25.57037 25.77847 25.98514 26.19032 26.394 26.59612 26.79665 26.99556 27.19282 27.38839 27.58224 27.77436 27.9647 28.15325 28.33998 28.52487 28.70789 28.88904 29.06828 29.2456 29.42099 29.59443 29.76591 29.93542 30.10294 30.26848 30.43201 30.59354 30.75305 30.91055 31.06603 31.21949 31.37093 31.52035 31.66775 31.81313 31.9565 32.09786 32.23721 32.37457 32.50993 32.64331 32.77472 32.90416 33.03165 33.15719 33.2808 33.40249 33.52228 33.64017 33.75618 33.87032 33.98262 34.09308 34.20172 34.30856 34.41362 34.51691 34.61844 34.71825 34.81634 34.91273 35.00745 35.10051 35.19193 35.28173 35.36993 35.45655 35.54161 35.62513 35.70712 35.78762 35.86663 35.94419 36.0203 

62.79716
31.39858 31.76005 32.12143 32.48262 32.84352 33.20403 33.56407 33.92354 34.28235 34.64039 34.99759 35.35384 35.70906 36.06317 36.41606 36.76765 37.11787 37.46662 37.81382 38.15939 38.50325 38.84533 39.18554 39.52381 39.86008 40.19426 40.5263 40.85612 41.18367 41.50887 41.83166 42.152 42.46982 42.78508 43.09771 43.40767 43.71491 44.01939 44.32107 44.6199 44.91584 45.20887 45.49894 45.78604 46.07011 46.35115 46.62912 46.90401 47.17579 47.44444 47.70995 47.9723 48.23149 48.48749 48.7403 48.98992 49.23635 49.47956 49.71958 49.95639 50.19 50.42042 50.64764 50.87168 51.09254 51.31023 51.52477 51.73616 51.94443 52.14958 52.35164 52.55061 52.74652 52.93939 53.12923 53.31607 53.49994 53.68085 53.85882 54.03389 54.20608 54.37541 54.54191 54.70561 54.86653 55.02471 55.18018 55.33295 55.48307 55.63056 55.77545 55.91777 56.05756 56.19484 56.32965 56.46202 56.59197 56.71955 56.84478 56.9677 57.08833 

99.52679
49.7634 50.33629 50.90904 51.48148 52.05347 52.62485 53.19547 53.76519 54.33386 54.90132 55.46744 56.03206 56.59505 57.15627 57.71556 58.27281 58.82786 59.38059 59.93086 60.47856 61.02354 61.56569 62.10489 62.64102 63.17397 63.70362 64.22986 64.75259 65.27171 65.78712 66.29872 66.80642 67.31014 67.80978 68.30526 68.79652 69.28346 69.76603 70.24416 70.71777 71.18681 71.65123 72.11097 72.56598 73.01621 73.46162 73.90218 74.33785 74.76859 75.19437 75.61517 76.03098 76.44175 76.84749 77.24818 77.6438 78.03435 78.41982 78.80022 79.17554 79.54579 79.91097 80.2711 80.62617 80.97621 81.32124 81.66126 81.9963 82.32637 82.65152 82.97175 83.2871 83.5976 83.90327 84.20416 84.50028 84.79169 85.07841 85.36048 85.63794 85.91084 86.17921 86.4431 86.70255 86.9576 87.20829 87.45469 87.69682 87.93474 88.16849 88.39813 88.6237 88.84524 89.06282 89.27648 89.48627 89.69223 89.89443 90.09291 90.28771 90.4789 

157.73934
78.86967 79.77765 80.68539 81.59265 82.49919 83.40476 84.30914 85.21209 86.11336 87.01273 87.90997 88.80484 89.69712 90.58658 91.473 92.35617 93.23587 94.11189 94.98402 95.85205 96.71579 97.57505 98.42962 99.27933 100.12399 100.96343 101.79747 102.62594 103.44869 104.26556 105.07639 105.88104 106.67938 107.47125 108.25655 109.03513 109.80689 110.57171 111.32948 112.08011 112.82349 113.55955 114.28818 115.00932 115.72289 116.42883 117.12707 117.81755 118.50022 119.17505 119.84198 120.50097 121.15201 121.79506 122.43011 123.05713 123.67611 124.28705 124.88994 125.48478 126.07159 126.65036 127.22112 127.78387 128.33865 128.88547 129.42437 129.95537 130.47851 130.99383 131.50136 132.00116 132.49326 132.97773 133.45459 133.92392 134.38577 134.84019 135.28724 135.727 136.15951 136.58485 137.00308 137.41428 137.8185 138.21583 138.60634 138.99009 139.36717 139.73764 140.10159 140.45909 140.81022 141.15506 141.49369 141.82618 142.15261 142.47307 142.78764 143.09638 143.3994 

250.0
125.0 126.43905 127.87772 129.31563 130.7524 132.18764 133.62099 135.05206 136.48048 137.90589 139.32791 140.74618 142.16035 143.57005 144.97494 146.37467 147.7689 149.15729 150.53952 151.91527 153.28421 154.64603 156.00044 157.34714 158.68583 160.01625 161.33811 162.65116 163.95513 165.24977 166.53486 167.81015 169.07542 170.33046 171.57506 172.80904 174.03219 175.24435 176.44534 177.635 178.81319 179.97975 181.13456 182.27749 183.40843 184.52726 185.63389 186.72823 187.8102 188.87972 189.93673 190.98117 192.013 193.03217 194.03864 195.0324 196.01342 196.98169 197.93721 198.87998 199.81 200.72729 201.63188 202.52379 203.40305 204.26971 205.1238 205.96538 206.7945 207.61123 208.41562 209.20774 209.98767 210.75549 211.51128 212.25511 212.98709 213.70729 214.41583 215.11279 215.79828 216.4724 217.13525 217.78695 218.42761 219.05733 219.67624 220.28445 220.88207 221.46924 222.04606 222.61266 223.16917 223.7157 224.25238 224.77934 225.29671 225.8046 226.30315 226.79248 227.27273 
